x y theta v w
0 0 0 -0.0257736 1.91
0 0 0 -0.00394419 1.91
0 0 0 0.0296526 1.91
0 0 0 0.0770108 1.91
0 0 0 0.151128 1.91
0 0 0 0.232169 1.91
0 0 0 0.353891 1.91
0 0 0 0.494273 1.91
-1.57911e-12 -4.69694e-12 1.31026 0.639705 1.91
0.000310514 0.00115913 1.30786 0.7 -0.233683
0.00300393 0.0107894 1.28908 0.7 -0.229393
0.00878659 0.0299348 1.2684 0.7 -0.19168
0.0179989 0.058485 1.25088 0.7 -0.149698
0.0308474 0.096365 1.23807 0.7 -0.11367
0.0474445 0.14353 1.22777 0.7 -0.0868831
0.0678659 0.199947 1.21997 0.7 -0.0647523
0.0917015 0.264486 1.21455 0.7 -0.0472236
0.116254 0.330039 1.21061 0.7 -0.0340417
0.141024 0.39551 1.20785 0.7 -0.0233326
0.165942 0.460925 1.20605 0.7 -0.0144683
0.19095 0.526305 1.20505 0.7 -0.00705269
0.216001 0.591669 1.20472 0.7 -0.000783307
0.241054 0.657032 1.20496 0.7 0.00457832
0.266075 0.722408 1.2057 0.7 0.00922116
0.291033 0.787808 1.20687 0.7 0.0132951
0.315901 0.853241 1.20841 0.7 0.0169194
0.340657 0.918717 1.2103 0.7 0.0201884
0.365279 0.984244 1.2125 0.7 0.0231772
0.389748 1.04983 1.21498 0.7 0.0259453
0.414044 1.11548 1.21773 0.7 0.0285399
0.438152 1.18119 1.22074 0.7 0.0309982
0.462054 1.24699 1.22398 0.7 0.0333496
0.485735 1.31286 1.22745 0.7 0.0356175
0.50918 1.37882 1.23114 0.7 0.0378206
0.527754 1.43165 1.2343 0.7 0.0399739
0.550732 1.49777 1.23845 0.7 0.0425882
0.573429 1.56399 1.24279 0.7 0.044586
0.595831 1.6303 1.24733 0.7 0.0466174
0.617925 1.69673 1.25207 0.7 0.0486574
0.639697 1.76325 1.25702 0.7 0.050712
0.661131 1.82989 1.26222 0.7 0.0527948
0.682213 1.89664 1.26758 0.7 0.0548381
0.702929 1.96351 1.27319 0.7 0.0570444
0.722766 2.02885 1.27901 0.667154 0.0588718
0.74124 2.09101 1.28498 0.630595 0.0603124
0.758393 2.15004 1.29109 0.600762 0.0615844
0.774415 2.20647 1.29732 0.57547 0.0627976
0.789446 2.26071 1.30367 0.553849 0.0639871
0.803604 2.3131 1.31014 0.535272 0.0651713
0.816985 2.36393 1.31673 0.519186 0.0663644
0.829658 2.41341 1.32344 0.505137 0.0675772
0.841681 2.46171 1.33027 0.492793 0.0688156
0.853101 2.50897 1.33723 0.481877 0.0700837
0.863957 2.55532 1.34431 0.472157 0.0713842
0.874279 2.60086 1.35153 0.46344 0.0727193
0.884093 2.64567 1.35889 0.455562 0.07409
0.89342 2.68982 1.36638 0.448385 0.0754973
0.902277 2.73337 1.37402 0.441797 0.0769414
0.910677 2.77637 1.3818 0.435699 0.0784226
0.918631 2.81886 1.38973 0.430011 0.0799408
0.926129 2.86077 1.39785 0.424666 0.0814959
0.933216 2.90234 1.40609 0.419769 0.0830233
0.939879 2.94349 1.41449 0.414935 0.084656
0.946122 2.98423 1.42306 0.410292 0.0863299
0.951947 3.02458 1.4318 0.405819 0.0880387
0.957357 3.06453 1.4407 0.401487 0.0897818
0.961376 3.09614 1.44799 0.397275 0.0915591
0.966114 3.13606 1.45742 0.405085 0.0960115
0.97047 3.17603 1.46711 0.399998 0.0976082
0.974382 3.2155 1.47696 0.394367 0.0991073
0.977863 3.25456 1.48694 0.389008 0.100691
0.980901 3.29303 1.49711 0.383767 0.102426
0.98351 3.33103 1.50746 0.378943 0.10417
0.985694 3.36858 1.51798 0.374332 0.105982
0.987459 3.40571 1.52869 0.369891 0.107859
0.988806 3.44241 1.5396 0.365594 0.109796
0.989739 3.47871 1.5507 0.36142 0.111789
0.990259 3.5146 1.562 0.357352 0.113834
0.990369 3.5501 1.57351 0.353376 0.115927
0.990069 3.58521 1.5852 0.349642 0.117667
0.989364 3.61995 1.59707 0.346011 0.119393
0.988255 3.65432 1.60913 0.342392 0.121311
0.986744 3.6883 1.62138 0.33878 0.123404
0.984833 3.72191 1.63386 0.33518 0.125636
0.982525 3.75514 1.64656 0.331609 0.127955
0.97982 3.78797 1.6595 0.328089 0.130297
0.97672 3.82043 1.67267 0.324617 0.132663
0.973226 3.85249 1.68608 0.321187 0.13506
0.96934 3.88417 1.69973 0.317795 0.137492
0.965064 3.91546 1.71363 0.314437 0.139964
0.960399 3.94635 1.72778 0.311108 0.142479
0.955348 3.97685 1.74218 0.307804 0.145042
0.949913 4.00694 1.75684 0.304521 0.147655
0.944096 4.03663 1.77176 0.301255 0.150321
0.937901 4.06592 1.78696 0.298 0.153044
0.931329 4.09478 1.80243 0.294751 0.155828
0.925803 4.11757 1.81501 0.291501 0.158677
0.918474 4.14601 1.83118 0.296901 0.166313
0.910653 4.17441 1.84798 0.293011 0.169119
0.902473 4.20226 1.86504 0.288479 0.171502
0.893924 4.22963 1.88229 0.284054 0.174049
0.88504 4.25642 1.89981 0.279602 0.176881
0.87583 4.28263 1.91762 0.275234 0.179906
0.866303 4.30827 1.93574 0.270918 0.183108
0.856466 4.33333 1.95418 0.266608 0.186488
0.84633 4.3578 1.97297 0.262256 0.190049
0.835942 4.38159 1.9922 0.257819 0.19379
0.825279 4.40477 2.01181 0.253382 0.1976
0.814358 4.42732 2.03181 0.248739 0.201621
0.803202 4.44922 2.05223 0.243822 0.205866
0.791839 4.47044 2.07308 0.23857 0.210343
0.780246 4.49103 2.09431 0.232913 0.215053
0.768516 4.51086 2.11602 0.226568 0.220156
0.756766 4.52976 2.13883 0.0427736 0.299445
0.748718 4.54201 2.16866 0.0349085 0.297563
0.745401 4.54675 2.19791 0.0447752 0.289135
0.741864 4.55147 2.22665 0.0684823 0.286098
0.736777 4.55788 2.25512 0.0918088 0.283844
0.730114 4.5658 2.28332 0.111365 0.280843
0.722082 4.57483 2.31119 0.127204 0.277124
0.713032 4.58446 2.33871 0.139494 0.272431
0.702769 4.5948 2.36569 0.149818 0.268016
0.691614 4.60545 2.39222 0.157219 0.263583
0.679732 4.61622 2.41832 0.162446 0.25922
0.667264 4.62694 2.44399 0.165786 0.255034
0.654347 4.63749 2.46926 0.167453 0.25111
0.641109 4.64776 2.49416 0.167621 0.247521
0.627674 4.65766 2.51872 0.166429 0.244345
0.61416 4.66712 2.54299 0.16399 0.241667
0.603371 4.67433 2.56224 0.160399 0.239592
0.589968 4.68287 2.58652 0.156726 0.247466
0.57674 4.69085 2.61122 0.151151 0.24643
0.563823 4.69822 2.63583 0.145001 0.245657
0.5513 4.70496 2.66042 0.138008 0.246286
0.539265 4.71106 2.68514 0.130302 0.248597
0.527794 4.71651 2.71017 0.122165 0.252809
0.516933 4.72135 2.73571 0.113976 0.259129
0.506691 4.7256 2.76196 0.106223 0.26772
0.497025 4.72931 2.78917 0.0995156 0.278657
0.487916 4.73251 2.81783 0.0946016 0.291881
0.479013 4.73535 2.84792 0.0927093 0.306863
0.47 4.73793 2.87959 0.0944069 0.323245
0.460477 4.74031 2.91293 0.100679 0.340152
0.45017 4.74252 2.94759 0.112522 0.356312
0.437996 4.74467 2.98408 0.131055 0.370582
0.423619 4.74667 3.02167 0.156309 0.379541
0.406375 4.7484 3.05973 0.188835 0.381325
0.385301 4.7497 3.09844 0.240434 0.390948
0.35905 4.75031 3.13596 0.291253 0.364685
0.327692 4.74992 3.16983 0.343048 0.319747
0.291282 4.74833 3.19848 0.390125 0.256571
0.250534 4.74552 3.22012 0.425958 0.175767
0.207095 4.74176 3.2334 0.442724 0.0807837
0.16353 4.73762 3.23704 0.4342 -0.0210012
0.122123 4.73374 3.23071 0.398407 -0.112691
0.0847261 4.73064 3.21596 0.342664 -0.179535
0.0481352 4.7283 3.19321 0.7 -0.361659
0.00403151 4.72678 3.15989 0.435929 -0.0513458
-0.0407592 4.7264 3.14372 0.567571 0.476398
-0.0939796 4.72627 3.14756 0.557312 0.620442
-0.147305 4.72553 3.16179 0.338357 0.0761804
-0.18308 4.72469 3.16988 0.294374 0.136137
-0.218788 4.72342 3.18651 0.27811 0.191468
-0.245455 4.72196 3.20805 0.250908 0.231278
-0.269256 4.72009 3.23252 0.230515 0.253788
-0.291019 4.71783 3.25876 0.211 0.268124
-0.31085 4.71523 3.28612 0.192694 0.277144
-0.329231 4.7123 3.31403 0.1763 0.282136
-0.345698 4.70919 3.34239 0.161767 0.284507
-0.360816 4.70589 3.37082 0.150044 0.284197
-0.374833 4.70242 3.39913 0.140682 0.282322
-0.387971 4.69876 3.42719 0.133516 0.279459
-0.400431 4.69491 3.45493 0.128325 0.276018
-0.412387 4.69086 3.4823 0.124863 0.272294
-0.424023 4.68656 3.50938 0.122878 0.2685
-0.435381 4.68201 3.536 0.122022 0.264678
-0.446599 4.67716 3.56226 0.122306 0.261115
-0.457758 4.67199 3.58817 0.123421 0.257762
-0.468915 4.66647 3.61376 0.125189 0.254633
-0.480111 4.66058 3.63904 0.127469 0.251728
-0.491375 4.65427 3.66406 0.130145 0.249033
-0.502725 4.64755 3.68881 0.133123 0.246526
-0.51417 4.64038 3.71332 0.136329 0.244182
-0.525712 4.63275 3.73761 0.139702 0.241972
-0.537349 4.62465 3.76168 0.143198 0.239871
-0.549076 4.61606 3.78554 0.146782 0.237852
-0.560881 4.60698 3.80921 0.150428 0.235892
-0.572755 4.59739 3.83268 0.154117 0.233972
-0.584742 4.58723 3.85593 0.157836 0.232072
-0.596709 4.57661 3.87903 0.161475 0.230269
-0.6087 4.56546 3.90194 0.165234 0.228359
-0.618303 4.55616 3.92013 0.169009 0.226425
-0.63049 4.54386 3.94294 0.179394 0.230525
-0.64296 4.53068 3.96585 0.182752 0.228195
-0.655251 4.51709 3.98862 0.185355 0.225491
-0.667482 4.50293 4.01099 0.188258 0.222589
-0.679582 4.48828 4.03309 0.191233 0.219937
-0.691549 4.47312 4.05493 0.194377 0.217318
-0.703378 4.45745 4.0765 0.197666 0.214708
-0.715066 4.44126 4.09782 0.201077 0.212106
-0.726605 4.42453 4.11887 0.204589 0.209508
-0.737987 4.40727 4.13967 0.208186 0.206911
-0.749205 4.38948 4.1602 0.211854 0.204313
-0.760248 4.37114 4.18048 0.215582 0.201712
-0.771107 4.35225 4.20049 0.219362 0.199106
-0.781771 4.33282 4.22025 0.223186 0.196495
-0.792231 4.31284 4.23974 0.227047 0.193878
-0.802475 4.29232 4.25897 0.23094 0.191254
-0.812493 4.27125 4.27794 0.234862 0.188624
-0.822275 4.24964 4.29664 0.238808 0.185988
-0.831811 4.22749 4.31508 0.242777 0.183347
-0.84109 4.20479 4.33326 0.246764 0.180701
-0.850102 4.18156 4.35117 0.250768 0.178051
-0.858839 4.1578 4.36882 0.254788 0.1754
-0.867291 4.13351 4.3862 0.258821 0.172748
-0.875448 4.10869 4.40331 0.262865 0.170096
-0.883303 4.08335 4.42016 0.26692 0.167447
-0.890847 4.05749 4.43675 0.270985 0.164801
-0.898095 4.03104 4.45302 0.275057 0.162161
-0.904993 4.00417 4.46908 0.279018 0.159631
-0.911577 3.97672 4.48483 0.283112 0.156997
-0.9178 3.94886 4.50038 0.287097 0.154469
-0.923675 3.9205 4.51567 0.291213 0.151842
-0.928137 3.89739 4.52766 0.295336 0.149223
-0.93348 3.86754 4.54268 0.308401 0.150894
-0.938481 3.83698 4.55766 0.311681 0.147993
-0.943083 3.80598 4.57226 0.314584 0.144786
-0.947276 3.77462 4.58656 0.317556 0.141771
-0.951061 3.7429 4.60056 0.320704 0.138846
-0.95444 3.71081 4.61428 0.324005 0.135998
-0.957414 3.67834 4.62771 0.327433 0.133219
-0.959984 3.64548 4.64087 0.330965 0.130504
-0.962149 3.61224 4.65376 0.334582 0.127848
-0.963908 3.57861 4.66639 0.338266 0.125247
-0.965262 3.54459 4.67876 0.342004 0.122697
-0.966209 3.51017 4.69088 0.345784 0.120196
-0.96675 3.47537 4.70275 0.349597 0.117739
-0.966883 3.44018 4.71438 0.353434 0.115325
-0.966608 3.40461 4.72577 0.357287 0.112952
-0.965924 3.36865 4.73693 0.36115 0.110618
-0.964833 3.33232 4.74785 0.365019 0.108321
-0.963335 3.2957 4.75859 0.368888 0.10606
-0.961424 3.25862 4.76906 0.372868 0.103746
-0.959106 3.22117 4.7793 0.376716 0.10156
-0.956381 3.18337 4.78933 0.380548 0.0994111
-0.953249 3.14521 4.79914 0.384369 0.0972929
-0.949713 3.10671 4.80875 0.388176 0.0952036
-0.945772 3.06786 4.81815 0.391966 0.0931429
-0.941429 3.02868 4.82734 0.395738 0.0911103
-0.936686 2.98917 4.83633 0.399489 0.0891055
-0.931535 2.94925 4.84508 0.403217 0.0871281
-0.925997 2.90909 4.85368 0.406809 0.0852542
-0.920066 2.86862 4.86209 0.410495 0.0833248
-0.913742 2.82784 4.87031 0.414158 0.0814163
-0.908402 2.79499 4.87675 0.41779 0.079535
-0.901239 2.75286 4.88473 0.433811 0.0800267
-0.893605 2.71001 4.89261 0.436264 0.0780106
-0.885599 2.66701 4.90029 0.438042 0.0758951
-0.877233 2.62389 4.90775 0.440006 0.0738404
-0.868508 2.58063 4.91502 0.442172 0.0718509
-0.859426 2.53722 4.92209 0.444506 0.0699213
-0.849991 2.49363 4.92897 0.446972 0.0680458
-0.840206 2.44986 4.93566 0.449542 0.0662197
-0.830072 2.4059 4.94218 0.452192 0.0644389
-0.819595 2.36174 4.94851 0.454901 0.0626995
-0.808776 2.31739 4.95468 0.457651 0.0609983
-0.797621 2.27283 4.96068 0.460427 0.0593326
-0.786133 2.22807 4.96652 0.463217 0.0576999
-0.774317 2.18311 4.97219 0.46601 0.056098
-0.762177 2.13794 4.97771 0.468797 0.054525
-0.749718 2.09258 4.98307 0.471569 0.0529791
-0.736945 2.04701 4.98827 0.47432 0.0514588
-0.723864 2.00125 4.99333 0.477044 0.0499629
-0.710479 1.95529 4.99824 0.479737 0.04849
-0.696796 1.90915 5.003 0.482392 0.047039
-0.68282 1.86281 5.00762 0.485008 0.045609
-0.668559 1.81629 5.01209 0.48758 0.0441989
-0.654017 1.7696 5.01643 0.490105 0.0428081
-0.6392 1.72272 5.02063 0.492581 0.0414356
-0.624116 1.67568 5.02469 0.495005 0.0400808
-0.608769 1.62847 5.02862 0.497375 0.0387429
-0.593168 1.58109 5.03241 0.49969 0.0374212
-0.577304 1.53352 5.03605 0.501947 0.0361153
-0.561201 1.4858 5.03956 0.504078 0.0348746
-0.544867 1.43793 5.04295 0.506158 0.0336422
-0.531634 1.39954 5.04557 0.508188 0.0324163
-0.514599 1.35057 5.0488 0.525232 0.0321951
-0.49717 1.30099 5.05194 0.525869 0.0308533
-0.479584 1.25144 5.05494 0.525667 0.029467
-0.461855 1.20195 5.05783 0.525662 0.0281125
-0.443983 1.1525 5.06056 0.525876 0.0267403
-0.425968 1.10307 5.06316 0.526268 0.0254527
-0.407811 1.05364 5.06563 0.526797 0.0241952
-0.389515 1.0042 5.06797 0.527429 0.0229605
-0.371083 0.954741 5.0702 0.528138 0.0217457
-0.352518 0.905249 5.0723 0.528898 0.0205487
-0.333824 0.855722 5.07428 0.529689 0.0193677
-0.315006 0.806157 5.07615 0.530495 0.018201
-0.29607 0.75655 5.0779 0.531302 0.0170475
-0.277022 0.706901 5.07954 0.532096 0.0159056
-0.257867 0.657209 5.08106 0.532868 0.0147744
-0.238612 0.607475 5.08247 0.53361 0.0136528
-0.219263 0.557701 5.08377 0.534314 0.01254
-0.199828 0.507887 5.08496 0.534973 0.011435
-0.180314 0.458036 5.08603 0.535583 0.0103372
-0.160728 0.408152 5.087 0.53614 0.0092457
-0.141077 0.358237 5.08786 0.536639 0.00815998
-0.121368 0.308295 5.08861 0.537078 0.00707938
-0.10161 0.258329 5.08926 0.537453 0.00600331
-0.0818108 0.208344 5.08979 0.537763 0.00493122
-0.061977 0.158343 5.09022 0.538006 0.00386256
-0.0421171 0.108331 5.09054 0.53818 0.00279683
-0.0222388 0.0583117 5.09076 0.538284 0.00173354
-0.00235064 0.00828931 5.09085 0.538317 0.000672196
0.0175385 -0.04173 5.09083 0.538277 -0.000346965
0.033445 -0.0817396 5.09074 0.538167 -0.00136972
0.0536696 -0.132631 5.09054 0.553941 -0.00243525
0.0740771 -0.184021 5.09024 0.552264 -0.00349736
0.0943844 -0.235212 5.08982 0.549692 -0.00456093
0.114578 -0.286186 5.0893 0.54733 -0.00562554
0.134676 -0.337003 5.0887 0.5452 -0.00669129
0.154665 -0.387641 5.08798 0.543195 -0.00779936
0.174529 -0.438078 5.08714 0.541346 -0.0089078
0.194285 -0.488372 5.08618 0.539678 -0.00996972
0.21393 -0.538535 5.08512 0.538094 -0.0110316
0.233476 -0.588604 5.08398 0.536565 -0.0120978
0.252893 -0.638524 5.0827 0.535025 -0.0132097
0.272201 -0.688358 5.08134 0.533553 -0.0142827
0.291386 -0.73808 5.07986 0.532043 -0.015399
0.310428 -0.787663 5.07826 0.530527 -0.0165201
0.329334 -0.837137 5.07654 0.529043 -0.0175987
0.3481 -0.886504 5.07471 0.527535 -0.0186815
0.366719 -0.935764 5.07278 0.525991 -0.0197728
0.385184 -0.984914 5.07074 0.524407 -0.0208727
0.40349 -1.03395 5.06858 0.522779 -0.0219816
0.42163 -1.08287 5.06632 0.521103 -0.0230993
0.439598 -1.13168 5.06394 0.519376 -0.024226
0.457386 -1.18036 5.06145 0.517597 -0.025362
0.474975 -1.22888 5.05882 0.515763 -0.0265075
0.492372 -1.27728 5.05608 0.513929 -0.0276183
0.509584 -1.32559 5.05325 0.512034 -0.0287437
0.523192 -1.36409 5.05088 0.510019 -0.0299289
0.540314 -1.41297 5.04777 0.523125 -0.0320044
0.557406 -1.46226 5.04452 0.519646 -0.0331207
0.574211 -1.51125 5.04116 0.515229 -0.0342464
0.590709 -1.55988 5.03769 0.511006 -0.0353998
0.606878 -1.60811 5.03408 0.507043 -0.0365791
0.622752 -1.65603 5.03035 0.503416 -0.0377356
0.638335 -1.70368 5.02651 0.499948 -0.0389165
0.653627 -1.75107 5.02255 0.496596 -0.0401241
0.668629 -1.7982 5.01846 0.493334 -0.0413568
0.683338 -1.84509 5.01425 0.490138 -0.0426131
0.697753 -1.89174 5.00991 0.486992 -0.043892
0.711872 -1.93815 5.00544 0.48388 -0.0451924
0.725691 -1.98433 5.00084 0.480789 -0.0465137
0.739208 -2.03028 4.99611 0.477709 -0.0478555
0.752419 -2.076 4.99125 0.474633 -0.0492173
0.765319 -2.12148 4.98624 0.471552 -0.050599
0.777907 -2.16673 4.9811 0.468461 -0.0520006
0.790176 -2.21175 4.97581 0.465356 -0.0534221
0.802124 -2.25653 4.97038 0.462234 -0.0548636
0.813746 -2.30107 4.96481 0.459092 -0.0563253
0.825039 -2.34538 4.95909 0.455927 -0.0578074
0.835998 -2.38944 4.95322 0.452738 -0.0593103
0.846619 -2.43325 4.94719 0.449525 -0.0608341
0.856899 -2.47681 4.94102 0.446287 -0.0623793
0.866833 -2.52012 4.93469 0.443023 -0.0639461
0.876419 -2.56317 4.9282 0.439734 -0.0655351
0.885651 -2.60596 4.92155 0.436419 -0.0671465
0.894527 -2.64848 4.91473 0.43308 -0.0687809
0.90303 -2.69067 4.90772 0.429718 -0.0704384
0.91117 -2.7326 4.90055 0.426434 -0.0720554
0.918944 -2.77426 4.89321 0.423117 -0.0737027
0.926351 -2.81564 4.88571 0.419766 -0.0753825
0.933386 -2.85675 4.87803 0.416384 -0.0770943
0.938755 -2.88949 4.8718 0.412973 -0.0788373
0.945201 -2.93063 4.86374 0.421668 -0.0830829
0.951346 -2.97208 4.85533 0.417283 -0.0848591
0.957071 -3.0131 4.84675 0.411987 -0.0863761
0.962373 -3.05364 4.83802 0.406888 -0.0879557
0.967257 -3.09374 4.82912 0.402023 -0.0896132
0.971729 -3.13342 4.82006 0.397358 -0.0913418
0.97579 -3.17267 4.81082 0.392863 -0.0931345
0.979443 -3.21153 4.80139 0.38851 -0.094985
0.98269 -3.24999 4.79178 0.384277 -0.0968885
0.985533 -3.28806 4.78197 0.380147 -0.0988407
0.987972 -3.32575 4.77197 0.376104 -0.100838
0.990008 -3.36307 4.76176 0.372135 -0.102878
0.991642 -3.40001 4.75135 0.368231 -0.104958
0.992875 -3.43658 4.74073 0.364383 -0.107076
0.993706 -3.47278 4.72989 0.360584 -0.109229
0.994136 -3.50861 4.71884 0.35683 -0.111418
0.994166 -3.54407 4.70756 0.353115 -0.113639
0.993797 -3.57916 4.69606 0.349437 -0.115893
0.993028 -3.61388 4.68434 0.345793 -0.118177
0.99186 -3.64822 4.67238 0.342181 -0.120491
0.990296 -3.68212 4.66014 0.3386 -0.122834
0.988332 -3.71571 4.64772 0.335161 -0.125117
0.985971 -3.74893 4.63507 0.331631 -0.127521
0.983215 -3.78177 4.62217 0.328123 -0.129956
0.980066 -3.81422 4.60902 0.324647 -0.132415
0.97653 -3.84621 4.59558 0.321203 -0.134895
0.972602 -3.87783 4.5819 0.317901 -0.137305
0.968284 -3.90906 4.56798 0.314618 -0.139744
0.96455 -3.93375 4.55665 0.311353 -0.142214
0.95944 -3.96483 4.54202 0.317319 -0.148998
0.95387 -3.99581 4.52699 0.313185 -0.151206
0.947917 -4.02628 4.51175 0.308612 -0.15321
0.941589 -4.05622 4.4963 0.304245 -0.155304
0.93489 -4.08564 4.48064 0.300096 -0.157491
0.927805 -4.11464 4.4648 0.29614 -0.159758
0.920377 -4.14306 4.44868 0.29223 -0.162174
0.91259 -4.171 4.43232 0.288607 -0.164554
0.904443 -4.19847 4.41572 0.285126 -0.166971
0.89594 -4.22548 4.39887 0.281764 -0.169424
0.887085 -4.25202 4.38178 0.27851 -0.171903
0.877881 -4.2781 4.36444 0.275354 -0.174403
0.86833 -4.30373 4.34685 0.27229 -0.176915
0.858438 -4.32891 4.32901 0.26931 -0.179434
0.848206 -4.35363 4.31091 0.266411 -0.181954
0.83764 -4.3779 4.29257 0.263587 -0.184469
0.826743 -4.40172 4.27397 0.260836 -0.186975
0.81552 -4.42509 4.25512 0.258156 -0.189467
0.803974 -4.448 4.23603 0.255543 -0.191941
0.792109 -4.47046 4.21669 0.252996 -0.194392
0.779932 -4.49247 4.1971 0.250514 -0.196817
0.767445 -4.51402 4.17728 0.248095 -0.199211
0.754655 -4.53511 4.15721 0.245739 -0.201571
0.741566 -4.55575 4.13692 0.243444 -0.203894
0.728184 -4.57592 4.11639 0.241211 -0.206177
0.714513 -4.59563 4.09564 0.239039 -0.208415
0.700559 -4.61489 4.07467 0.236927 -0.210607
0.686352 -4.63364 4.05343 0.234876 -0.212749
0.671846 -4.65197 4.03204 0.232953 -0.214766
0.660072 -4.66626 4.01473 0.231015 -0.216807
0.644842 -4.68403 3.99255 0.235999 -0.225231
0.629182 -4.70149 3.96995 0.233578 -0.226572
0.613308 -4.7184 3.94723 0.230865 -0.227519
0.597236 -4.73476 3.92442 0.228329 -0.228522
0.580968 -4.75058 3.9015 0.225981 -0.229589
0.564505 -4.76587 3.87848 0.223802 -0.230701
0.54785 -4.78063 3.85534 0.221775 -0.231838
0.531005 -4.79488 3.83209 0.219885 -0.232985
0.513975 -4.80862 3.80872 0.218118 -0.234129
0.496762 -4.82186 3.78524 0.216465 -0.235259
0.47937 -4.83459 3.76165 0.214915 -0.236368
0.461805 -4.84682 3.73794 0.213461 -0.237447
0.444071 -4.85855 3.71414 0.212096 -0.238492
0.426174 -4.86979 3.69023 0.210815 -0.239497
0.408118 -4.88053 3.66622 0.209612 -0.240459
0.389911 -4.89077 3.64212 0.208484 -0.241376
0.371557 -4.90053 3.61793 0.207426 -0.242246
0.353063 -4.90979 3.59366 0.206435 -0.243068
0.334436 -4.91855 3.5693 0.205509 -0.24384
0.315682 -4.92683 3.54488 0.204645 -0.244563
0.296807 -4.93461 3.52038 0.203842 -0.245237
0.277819 -4.9419 3.49582 0.203096 -0.245862
0.258725 -4.9487 3.4712 0.202407 -0.246439
0.239531 -4.955 3.44652 0.201773 -0.246969
0.220245 -4.96081 3.42179 0.201193 -0.247452
0.200874 -4.96612 3.39702 0.200665 -0.247889
0.181425 -4.97095 3.37221 0.200189 -0.248282
0.161907 -4.97527 3.34736 0.199763 -0.248632
0.142332 -4.97911 3.32247 0.199388 -0.248939
0.122701 -4.98244 3.29756 0.199074 -0.249194
0.106955 -4.98476 3.27762 0.198806 -0.249411
0.0868941 -4.98725 3.25221 0.204386 -0.257086
0.0665951 -4.98924 3.22654 0.203692 -0.25656
0.0463357 -4.9907 3.20094 0.202752 -0.255604
0.0261305 -4.99164 3.17543 0.20196 -0.254747
0.00596509 -4.99207 3.14998 0.201322 -0.254
-0.0141354 -4.99198 3.12463 0.200806 -0.253318
-0.0341844 -4.99139 3.09933 0.200435 -0.252728
-0.0541818 -4.99029 3.07409 0.200178 -0.25219
-0.0741257 -4.98869 3.0489 0.200024 -0.251687
-0.0940132 -4.98659 3.02376 0.199963 -0.251206
-0.113841 -4.98399 2.99867 0.199988 -0.250737
-0.133604 -4.98089 2.97362 0.200094 -0.25027
-0.153299 -4.9773 2.94862 0.200275 -0.249798
-0.172919 -4.97321 2.92367 0.200527 -0.249312
-0.192454 -4.96863 2.89876 0.200848 -0.248807
-0.211911 -4.96355 2.87391 0.201244 -0.248261
-0.231276 -4.95798 2.84912 0.201691 -0.247703
-0.250544 -4.95192 2.82439 0.202198 -0.247112
-0.269707 -4.94536 2.79971 0.202766 -0.246482
-0.28876 -4.93832 2.7751 0.203391 -0.24581
-0.307695 -4.93078 2.75057 0.204075 -0.245092
-0.326506 -4.92275 2.7261 0.204815 -0.244326
-0.345185 -4.91424 2.70172 0.205613 -0.243508
-0.363727 -4.90524 2.67742 0.206466 -0.242636
-0.382123 -4.89574 2.65321 0.207376 -0.241708
-0.400385 -4.88576 2.62912 0.208341 -0.240722
-0.418487 -4.87528 2.60513 0.209331 -0.239709
-0.436421 -4.86433 2.58125 0.210378 -0.238632
-0.454163 -4.8529 2.55745 0.211484 -0.237491
-0.468226 -4.84341 2.5385 0.212686 -0.236244
-0.485841 -4.83096 2.51464 0.220143 -0.24207
-0.503542 -4.81781 2.49051 0.221136 -0.240223
-0.520995 -4.80418 2.46664 0.221666 -0.237688
-0.538165 -4.7901 2.44302 0.222309 -0.235275
-0.555057 -4.77557 2.41963 0.223126 -0.232946
-0.571673 -4.7606 2.39647 0.224102 -0.230676
-0.588017 -4.74517 2.37354 0.225224 -0.228445
-0.604091 -4.72928 2.35082 0.226476 -0.226237
-0.619893 -4.71295 2.32833 0.227849 -0.224039
-0.635423 -4.69615 2.30606 0.229331 -0.22184
-0.65068 -4.6789 2.28401 0.230916 -0.219632
-0.66566 -4.6612 2.26218 0.232596 -0.217409
-0.680362 -4.64304 2.24057 0.234364 -0.215165
-0.694781 -4.62442 2.21919 0.236216 -0.212896
-0.708914 -4.60535 2.19804 0.238148 -0.210601
-0.722758 -4.58583 2.17712 0.240155 -0.208277
-0.736307 -4.56585 2.15643 0.242235 -0.205923
-0.749558 -4.54542 2.13598 0.244384 -0.203539
-0.762506 -4.52453 2.11578 0.2466 -0.201126
-0.775147 -4.5032 2.09581 0.24888 -0.198684
-0.787476 -4.48142 2.07609 0.251223 -0.196215
-0.79949 -4.45919 2.05662 0.253627 -0.19372
-0.811183 -4.43652 2.0374 0.256089 -0.191201
-0.822551 -4.41341 2.01843 0.258608 -0.18866
-0.83359 -4.38985 1.99972 0.261183 -0.186098
-0.844295 -4.36585 1.98126 0.263811 -0.183519
-0.854685 -4.34137 1.96312 0.266493 -0.180925
-0.864732 -4.31646 1.94523 0.269139 -0.178409
-0.872522 -4.29621 1.93111 0.271843 -0.175873
-0.882027 -4.27029 1.9134 0.282585 -0.178711
-0.891333 -4.24345 1.89572 0.28511 -0.175641
-0.900232 -4.21625 1.87836 0.286927 -0.172192
-0.908706 -4.18875 1.86128 0.288906 -0.168842
-0.916786 -4.16087 1.84459 0.291146 -0.165492
-0.924464 -4.13264 1.82823 0.293487 -0.162368
-0.931743 -4.10406 1.81218 0.295976 -0.159339
-0.938626 -4.07511 1.79642 0.298598 -0.156385
-0.945102 -4.04585 1.7809 0.301337 -0.153496
-0.951197 -4.01616 1.76572 0.304266 -0.150562
-0.956899 -3.98609 1.75083 0.307192 -0.14779
-0.962208 -3.95565 1.73622 0.310192 -0.145071
-0.967124 -3.92484 1.72187 0.313266 -0.142395
-0.971646 -3.89365 1.70779 0.316404 -0.139757
-0.975773 -3.86209 1.69397 0.3196 -0.137155
-0.979506 -3.83015 1.68041 0.322847 -0.134588
-0.982843 -3.79784 1.6671 0.32614 -0.132055
-0.985783 -3.76516 1.65405 0.329473 -0.129554
-0.988326 -3.73211 1.64124 0.332843 -0.127085
-0.990472 -3.69869 1.62868 0.336245 -0.124647
-0.99222 -3.6649 1.61636 0.339676 -0.12224
-0.993568 -3.63076 1.60427 0.343131 -0.119864
-0.994518 -3.59625 1.59243 0.346609 -0.117518
-0.995068 -3.56138 1.58082 0.350105 -0.115202
-0.995219 -3.52616 1.56943 0.353618 -0.112916
-0.994971 -3.49059 1.55828 0.357145 -0.11066
-0.994323 -3.45467 1.54734 0.360684 -0.108434
-0.993277 -3.4184 1.53663 0.364231 -0.106237
-0.991832 -3.38179 1.52614 0.367786 -0.10407
-0.989989 -3.34485 1.51586 0.371345 -0.101933
-0.987746 -3.3075 1.50584 0.374907 -0.0998241
-0.985109 -3.26982 1.49601 0.378361 -0.0978232
-0.982714 -3.23944 1.48831 0.381826 -0.0958416
-0.979332 -3.20081 1.47868 0.396599 -0.0968739
-0.975476 -3.16116 1.46913 0.399626 -0.0946053
-0.971225 -3.12134 1.45977 0.40159 -0.0921723
-0.966578 -3.08132 1.45069 0.403778 -0.0897386
-0.961544 -3.04112 1.44186 0.406108 -0.0874938
-0.956127 -3.00072 1.43324 0.408611 -0.0853389
-0.95033 -2.96011 1.42483 0.411262 -0.0832534
-0.944155 -2.91928 1.41662 0.414032 -0.0812332
-0.937605 -2.87823 1.40862 0.416898 -0.0792715
-0.930683 -2.83694 1.4008 0.41984 -0.0773624
-0.92339 -2.79541 1.39318 0.422842 -0.075501
-0.91573 -2.75364 1.38574 0.425889 -0.0736831
-0.907706 -2.71162 1.37848 0.428969 -0.0719051
-0.89932 -2.66937 1.37139 0.432071 -0.0701639
-0.890577 -2.62686 1.36448 0.435185 -0.0684572
-0.881478 -2.58411 1.35773 0.438305 -0.0667825
-0.872027 -2.54112 1.35115 0.441423 -0.065138
-0.862229 -2.49789 1.34474 0.444533 -0.063522
-0.852087 -2.45442 1.33848 0.447629 -0.061933
-0.841604 -2.41071 1.33238 0.450707 -0.0603696
-0.830785 -2.36677 1.32643 0.453763 -0.0588308
-0.819634 -2.3226 1.32064 0.456793 -0.0573153
-0.808155 -2.2782 1.315 0.459794 -0.0558223
-0.796353 -2.23357 1.30951 0.462762 -0.0543509
-0.784232 -2.18873 1.30416 0.465695 -0.0529002
-0.771797 -2.14367 1.29895 0.46859 -0.0514694
-0.759054 -2.0984 1.29389 0.471445 -0.0500578
-0.746006 -2.05292 1.28897 0.474258 -0.0486648
-0.73266 -2.00724 1.28419 0.477026 -0.0472897
-0.719007 -1.96131 1.27957 0.479748 -0.0459318
-0.707875 -1.92441 1.27597 0.482341 -0.0446429
-0.69346 -1.87733 1.2715 0.499189 -0.0447832
-0.678619 -1.82961 1.26708 0.500508 -0.0433345
-0.663538 -1.78185 1.26284 0.501082 -0.0417626
-0.648241 -1.7341 1.25872 0.501808 -0.0402929
-0.632721 -1.68632 1.25478 0.502769 -0.0388172
-0.616983 -1.6385 1.25098 0.50388 -0.037441
-0.601037 -1.59065 1.24729 0.505127 -0.0361032
-0.584867 -1.54271 1.24376 0.506514 -0.0347437
-0.568486 -1.49469 1.24036 0.507935 -0.0334648
-0.551898 -1.44659 1.23709 0.509404 -0.0322127
-0.535106 -1.3984 1.23394 0.510904 -0.0309804
-0.518116 -1.35012 1.23092 0.512415 -0.0297656
-0.500933 -1.30175 1.22801 0.513922 -0.0285669
-0.483561 -1.25329 1.22523 0.51541 -0.0273828
-0.466007 -1.20473 1.22256 0.516865 -0.0262122
-0.448278 -1.15609 1.22001 0.518275 -0.025054
-0.43038 -1.10737 1.21757 0.519627 -0.0239074
-0.412321 -1.05856 1.21525 0.520911 -0.0227717
-0.394108 -1.00968 1.21304 0.522113 -0.0216462
-0.37575 -0.960733 1.21094 0.523221 -0.0205305
-0.357255 -0.911725 1.20895 0.524221 -0.0194241
-0.338632 -0.862666 1.20708 0.525096 -0.0183267
-0.319892 -0.813567 1.20531 0.525829 -0.0172382
-0.301045 -0.764441 1.20365 0.526398 -0.0161585
-0.282101 -0.715296 1.20212 0.526779 -0.0150877
-0.263077 -0.66616 1.20069 0.526931 -0.0140718
-0.243986 -0.617053 1.19935 0.526838 -0.0130604
-0.224841 -0.567996 1.1981 0.526454 -0.012009
-0.205659 -0.519016 1.19697 0.525724 -0.0109655
-0.186468 -0.47017 1.19595 0.524584 -0.00993557
-0.171123 -0.431211 1.19522 0.522991 -0.00896437
-0.151624 -0.381821 1.19436 0.536337 -0.00829396
-0.131983 -0.33219 1.19359 0.532055 -0.00727538
-0.112499 -0.283061 1.19292 0.526148 -0.0062566
-0.0932198 -0.234533 1.19236 0.519524 -0.00526756
-0.07418 -0.186681 1.19189 0.512002 -0.00431255
-0.0554251 -0.139602 1.19153 0.50329 -0.00305381
-0.0370137 -0.0934254 1.19127 0.492995 -0.00239877
-0.0196341 -0.0498649 1.19111 -0.0360952 -0.00105047
